SampleID	RawReads	TrimmedReads	TrimmedPercentage
PN1_SID10	2668893	1385012	48.11
PN1_SID11	9274518	4791554	48.34
PN1_SID12	5638829	2935097	47.95
PN1_SID13	4303963	2301467	46.53
PN1_SID14	7211867	3732246	48.25
PN1_SID15	3452248	1545249	55.24
PN1_SID16	3345264	1744099	47.86
PN1_SID17	2615814	1404809	46.30
PN1_SID18	2150621	1087590	49.43
PN1_SID19	5226165	2495221	52.26
PN1_SID1	6807128	3827535	43.77
PN1_SID20	3630459	1980639	45.44
PN1_SID21	5121956	2846243	44.43
PN1_SID22	4130604	2248490	45.57
PN1_SID23	10329251	5280214	48.88
PN1_SID24	5127185	2712276	47.10
PN1_SID25	3822242	2141375	43.98
PN1_SID26	3084816	1676800	45.64
PN1_SID27	2738769	1478171	46.03
PN1_SID28	3161892	1661034	47.47
PN1_SID29	2600175	1283147	50.65
PN1_SID2	4419876	2043136	53.77
PN1_SID30	14142029	7343065	48.08
PN1_SID31	4002367	2093804	47.69
PN1_SID32	5623321	2803826	50.14
PN1_SID33	3653830	1949485	46.65
PN1_SID34	2925183	1690631	42.20
PN1_SID35	5053320	2552470	49.49
PN1_SID36	3807301	1950686	48.76
PN1_SID37	2375611	1187856	50.00
PN1_SID38	3561039	1861851	47.72
PN1_SID39	3745234	1933099	48.39
PN1_SID3	5226903	2625969	49.76
PN1_SID40	3425305	1778089	48.09
PN1_SID41	2492884	1382774	44.53
PN1_SID42	3211940	1623835	49.44
PN1_SID43	5249148	2850228	45.70
PN1_SID44	2219138	1188512	46.44
PN1_SID45	3892901	2147080	44.85
PN1_SID46	4054051	1998898	50.69
PN1_SID47	5480894	2700016	50.74
PN1_SID48	3167448	1714083	45.88
PN1_SID49	2030810	935187	53.95
PN1_SID4	4866579	2536837	47.87
PN1_SID50	3299265	1762613	46.58
PN1_SID51	2512982	1269072	49.50
PN1_SID52	3774721	1908658	49.44
PN1_SID53	3568588	1753122	50.87
PN1_SID54	2453688	1161485	52.66
PN1_SID55	4206068	2196012	47.79
PN1_SID56	6081715	3017559	50.38
PN1_SID57	3071660	1737567	43.43
PN1_SID58	2877860	1511617	47.47
PN1_SID59	5159893	2720618	47.27
PN1_SID60	3656922	1926852	47.31
PN1_SID61	3666681	1790885	51.16
PN1_SID62	3430033	1646785	51.99
PN1_SID63	5092301	2714362	46.70
PN1_SID64	2851993	1454236	49.01
PN1_SID65	1882231	933326	50.41
PN1_SID66	2444760	1074139	56.06
PN1_SID67	2641832	1151375	56.42
PN1_SID68	4356933	2164212	50.33
PN1_SID69	3594887	1630606	54.64
PN1_SID70	3322559	1663928	49.92
PN1_SID71	4755162	2267258	52.32
PN1_SID72	4420273	2300108	47.96
PN1_SID73	2276983	1119100	50.85
PN1_SID74	4038711	2122935	47.44
PN1_SID75	3248227	1836958	43.45
PN1_SID76	2474102	1339380	45.86
PN1_SID77	3050243	1681021	44.89
PN1_SID78	2966122	1724432	41.86
PN1_SID79	2933592	1471821	49.83
PN1_SID80	3208498	1751888	45.40
PN1_SID81	4145032	2168391	47.69
PN1_SID82	4524815	2583165	42.91
PN1_SID83	5988692	2669864	55.42
PN1_SID84	5325628	2783851	47.73
PN1_SID85	4253333	1717102	59.63
PN1_SID86	4330889	2371523	45.24
PN1_SID87	2505413	1260096	49.71
PN1_SID88	3181993	1348427	57.62
PN1_SID89	3056028	1753640	42.62
PN1_SID90	1970302	1057736	46.32
PN1_SID91	3352757	1758043	47.56
PN1_SID92	2946399	1537859	47.81
PN1_SID93	2742150	1437907	47.56
PN1_SID94	3120558	1683998	46.04
PN1_SID95	5264054	2764395	47.49
PN1_SID96	5156428	2903066	43.70
PN2_SID100	3728622	2337215	37.32
PN2_SID101	3967904	2283189	42.46
PN2_SID102	3441189	2255274	34.46
PN2_SID103	2705067	1618579	40.16
PN2_SID104	3218570	2075428	35.52
PN2_SID105	2762725	1847040	33.14
PN2_SID106	3332817	2150507	35.47
PN2_SID107	4117270	2611137	36.58
PN2_SID108	1545753	995751	35.58
PN2_SID109	2709454	1736804	35.90
PN2_SID110	3313829	2092497	36.86
PN2_SID111	2471506	1404305	43.18
PN2_SID112	3522043	2250251	36.11
PN2_SID113	2325763	1497590	35.61
PN2_SID114	3450423	2119259	38.58
PN2_SID115	3630604	2140224	41.05
PN2_SID116	3774523	2458552	34.86
PN2_SID117	3119114	2079556	33.33
PN2_SID118	4203000	2753228	34.49
PN2_SID119	3533367	2209955	37.45
PN2_SID120	2487533	1591093	36.04
PN2_SID121	2246467	1490806	33.64
PN2_SID122	2780676	1813685	34.78
PN2_SID123	1733278	1116223	35.60
PN2_SID124	2927905	1874334	35.98
PN2_SID125	2776960	1685254	39.31
PN2_SID126	2878145	1840567	36.05
PN2_SID127	4037542	2577563	36.16
PN2_SID128	4427044	2756452	37.74
PN2_SID129	1774941	1139746	35.79
PN2_SID130	2356275	1609448	31.70
PN2_SID131	2582840	1592733	38.33
PN2_SID132	2574714	1602789	37.75
PN2_SID133	3247567	2005656	38.24
PN2_SID134	4075265	2572675	36.87
PN2_SID135	2250800	1414316	37.16
PN2_SID136	2929135	1885338	35.63
PN2_SID137	3425299	2240177	34.60
PN2_SID138	2824944	1746936	38.16
PN2_SID139	2727427	1778338	34.80
PN2_SID140	2563368	1644905	35.83
PN2_SID141	2729858	1777150	34.90
PN2_SID142	3499573	2116787	39.51
PN2_SID143	2880035	1759490	38.91
PN2_SID144	2205222	1449211	34.28
PN2_SID145	2720808	1594584	41.39
PN2_SID146	3643151	2337490	35.84
PN2_SID147	2573745	1594859	38.03
PN2_SID148	3578884	2240765	37.39
PN2_SID149	3099308	1876492	39.45
PN2_SID150	2249408	1311929	41.68
PN2_SID151	797744	484944	39.21
PN2_SID152	2407068	1491777	38.03
PN2_SID153	2143093	1424911	33.51
PN2_SID154	2551962	1606156	37.06
PN2_SID155	2547810	1651756	35.17
PN2_SID156	2211507	1412433	36.13
PN2_SID157	2578469	1548357	39.95
PN2_SID158	2628121	1573850	40.12
PN2_SID159	3929949	2516281	35.97
PN2_SID160	2374604	1487671	37.35
PN2_SID161	2176023	1328918	38.93
PN2_SID162	2150433	1164432	45.85
PN2_SID163	2885099	1595055	44.71
PN2_SID164	2421583	1475479	39.07
PN2_SID165	2286306	1290118	43.57
PN2_SID166	2613561	1625185	37.82
PN2_SID167	2729331	1651833	39.48
PN2_SID168	2933798	1847287	37.03
PN2_SID169	2392102	1434648	40.03
PN2_SID170	2641566	1687317	36.12
PN2_SID171	3116646	2103853	32.50
PN2_SID172	2024398	1321946	34.70
PN2_SID173	2073842	1348583	34.97
PN2_SID174	2062013	1415953	31.33
PN2_SID175	3064683	1882915	38.56
PN2_SID176	1793665	1183887	34.00
PN2_SID177	2540440	1624552	36.05
PN2_SID178	2724974	1839076	32.51
PN2_SID179	2945824	1698208	42.35
PN2_SID180	1706251	1086391	36.33
PN2_SID181	3355269	1743649	48.03
PN2_SID182	1504956	981376	34.79
PN2_SID183	2452228	1491588	39.17
PN2_SID184	2045784	1088920	46.77
PN2_SID185	2628027	1790680	31.86
PN2_SID186	2139888	1382957	35.37
PN2_SID187	3309441	2113078	36.15
PN2_SID188	1709396	1076675	37.01
PN2_SID189	2818147	1803022	36.02
PN2_SID190	1795433	1170678	34.80
PN2_SID191	3437380	2221790	35.36
PN2_SID192	2876525	1954035	32.07
PN2_SID97	3045325	2051431	32.64
PN2_SID98	3040465	1771141	41.75
PN2_SID99	3671721	2271911	38.12
PN3_SID193	1873384	1207019	35.57
PN3_SID194	1772465	976119	44.93
PN3_SID195	1803412	1059366	41.26
PN3_SID196	1519606	905436	40.42
PN3_SID197	1855574	1024422	44.79
PN3_SID198	1613413	1011199	37.33
PN3_SID199	1583456	904788	42.86
PN3_SID200	2248213	1384137	38.43
PN3_SID201	1238497	789425	36.26
PN3_SID202	2711223	1674194	38.25
PN3_SID203	1806164	1096006	39.32
PN3_SID204	1816710	1110450	38.88
PN3_SID205	1222566	755462	38.21
PN3_SID206	1952857	1172936	39.94
PN3_SID207	1847254	1009068	45.37
PN3_SID208	1870772	1131211	39.53
PN3_SID209	1546291	960216	37.90
PN3_SID210	2911643	1724802	40.76
PN3_SID211	1917242	1082006	43.56
PN3_SID212	1686316	1052019	37.61
PN3_SID213	1570187	1001817	36.20
PN3_SID214	1459642	911363	37.56
PN3_SID215	1768718	1050903	40.58
PN3_SID216	1577937	966432	38.75
PN3_SID217	1487145	953027	35.92
PN3_SID218	1582371	981811	37.95
PN3_SID219	1283169	814188	36.55
PN3_SID220	1583705	960741	39.34
PN3_SID221	2612402	1549754	40.68
PN3_SID222	1722386	1047904	39.16
PN3_SID223	1473302	896577	39.15
PN3_SID224	2045629	1199886	41.34
PN3_SID225	1365564	850781	37.70
PN3_SID226	1522039	995707	34.58
PN3_SID227	1445122	864274	40.19
PN3_SID228	1441253	860304	40.31
PN3_SID229	2151701	1265524	41.18
PN3_SID230	2244985	1362583	39.31
PN3_SID231	1402682	842799	39.92
PN3_SID232	1722372	1050791	38.99
PN3_SID233	2809648	1756534	37.48
PN3_SID234	638589	380477	40.42
PN3_SID235	1584028	987987	37.63
PN3_SID236	1593624	974311	38.86
PN3_SID237	1494977	932366	37.63
PN3_SID238	1645859	947430	42.44
PN3_SID239	1489009	865228	41.89
PN3_SID240	1121240	701017	37.48
PN3_SID241	1653003	919569	44.37
PN3_SID242	1429563	875501	38.76
PN3_SID243	1370480	797258	41.83
PN3_SID244	1533115	905194	40.96
PN3_SID245	1694922	979779	42.19
PN3_SID246	1080579	601998	44.29
PN3_SID247	1452645	869308	40.16
PN3_SID248	1389400	809538	41.73
PN3_SID249	1284921	817172	36.40
PN3_SID250	1512627	908565	39.93
PN3_SID251	1119404	690000	38.36
PN3_SID252	1182082	716405	39.39
PN3_SID253	1519304	866124	42.99
PN3_SID254	1163876	664271	42.93
PN3_SID255	1620793	976856	39.73
PN3_SID256	1096963	648916	40.84
PN3_SID257	1227392	713482	41.87
PN3_SID258	1176513	608732	48.26
PN3_SID259	1468247	773479	47.32
PN3_SID260	1412349	827890	41.38
PN3_SID261	1410947	757277	46.33
PN3_SID262	1099660	643366	41.49
PN3_SID263	1530310	878696	42.58
PN3_SID264	1542709	928308	39.83
PN3_SID265	1890682	1089899	42.35
PN3_SID266	1369158	837115	38.86
PN3_SID267	1499638	960925	35.92
PN3_SID268	1263426	790308	37.45
PN3_SID269	1354112	835952	38.27
PN3_SID270	1325033	864291	34.77
PN3_SID271	1428402	833541	41.65
PN3_SID272	1806293	1130395	37.42
PN3_SID273	1577840	960753	39.11
PN3_SID274	1984792	1280880	35.47
PN3_SID275	1687738	930777	44.85
PN3_SID276	2027155	1239011	38.88
PN3_SID277	1208786	589828	51.20
PN3_SID278	1463482	927837	36.60
PN3_SID279	1710658	999963	41.55
PN3_SID280	1524989	781659	48.74
PN3_SID281	1212531	787851	35.02
PN3_SID282	1274449	788793	38.11
PN3_SID283	1263456	771107	38.97
PN3_SID284	1337173	807464	39.61
PN3_SID285	1483122	909314	38.69
PN3_SID286	1653723	1033165	37.52
PN3_SID287	1276654	776714	39.16
PN3_SID288	1036121	674621	34.89
PN4_SID289	676394	537046	20.60
PN4_SID290	653140	492397	24.61
PN4_SID291	1072935	818315	23.73
PN4_SID292	750504	575288	23.35
PN4_SID293	633347	477551	24.60
PN4_SID294	826182	644180	22.03
PN4_SID295	887830	676261	23.83
PN4_SID296	1022073	795308	22.19
PN4_SID297	935916	732590	21.72
PN4_SID298	851460	665397	21.85
PN4_SID299	910806	701943	22.93
PN4_SID300	787162	609990	22.51
PN4_SID301	852065	667453	21.67
PN4_SID302	1099076	836257	23.91
PN4_SID303	723294	546473	24.45
PN4_SID304	822808	636143	22.69
PN4_SID305	577070	455426	21.08
PN4_SID306	793980	607648	23.47
PN4_SID307	1246785	947736	23.99
PN4_SID308	903306	703384	22.13
PN4_SID309	996974	784740	21.29
PN4_SID310	1146381	898216	21.65
PN4_SID311	1588192	1217446	23.34
PN4_SID312	503553	387337	23.08
PN4_SID313	653790	517753	20.81
PN4_SID314	571593	441756	22.71
PN4_SID315	813874	642173	21.10
PN4_SID316	728641	562083	22.86
PN4_SID317	619024	474312	23.38
PN4_SID318	864267	666698	22.86
PN4_SID319	720437	552925	23.25
PN4_SID320	1386786	1046853	24.51
PN4_SID321	1081993	847747	21.65
PN4_SID322	1072818	856188	20.19
PN4_SID323	601716	463171	23.02
PN4_SID324	610418	469516	23.08
PN4_SID325	885706	679874	23.24
PN4_SID326	1508574	1170715	22.40
PN4_SID327	841551	648319	22.96
PN4_SID328	1188637	919233	22.66
PN4_SID329	1037189	802712	22.61
PN4_SID330	1354096	1041151	23.11
PN4_SID331	969407	753968	22.22
PN4_SID332	1273015	984702	22.65
PN4_SID333	1057468	828346	21.67
PN4_SID334	1371633	1057566	22.90
PN4_SID335	792837	603390	23.89
PN4_SID336	526956	414846	21.28
PN4_SID337	593051	443386	25.24
PN4_SID338	743060	577685	22.26
PN4_SID339	533673	406629	23.81
PN4_SID340	858505	656111	23.58
PN4_SID341	713401	549205	23.02
PN4_SID342	1000286	763209	23.70
PN4_SID343	931563	716064	23.13
PN4_SID344	721435	551020	23.62
PN4_SID345	1026061	809402	21.12
PN4_SID346	783993	600227	23.44
PN4_SID347	779585	609323	21.84
PN4_SID348	595314	460686	22.61
PN4_SID349	254541	196169	22.93
PN4_SID350	313318	237233	24.28
PN4_SID351	746990	573407	23.24
PN4_SID352	455584	349847	23.21
PN4_SID353	302159	232488	23.06
PN4_SID354	446771	333870	25.27
PN4_SID355	459123	341249	25.67
PN4_SID356	459292	349904	23.82
PN4_SID357	564613	417990	25.97
PN4_SID358	536731	411933	23.25
PN4_SID359	599360	460809	23.12
PN4_SID360	508693	387287	23.87
PN4_SID361	308708	238032	22.89
PN4_SID362	437823	342432	21.79
PN4_SID363	864701	692122	19.96
PN4_SID364	343696	270115	21.41
PN4_SID365	633216	493505	22.06
PN4_SID366	225553	180220	20.10
PN4_SID367	687599	527951	23.22
PN4_SID368	685078	530565	22.55
PN4_SID369	505169	390188	22.76
PN4_SID370	530730	417276	21.38
PN4_SID371	724874	544913	24.83
PN4_SID372	307217	238201	22.46
PN4_SID373	1013145	730042	27.94
PN4_SID374	489573	386554	21.04
PN4_SID375	694838	537493	22.64
PN4_SID376	754212	556893	26.16
PN4_SID377	735459	585397	20.40
PN4_SID378	702332	551089	21.53
PN4_SID379	587878	455888	22.45
PN4_SID380	784639	605489	22.83
PN4_SID381	698749	546753	21.75
PN4_SID382	794305	621735	21.73
PN4_SID383	1224788	950353	22.41
PN4_SID384	1284233	1024383	20.23
